2.9663 3.74697 1.52314 1.87711 2.06858 1.47915 1.83004 1.66596 2.3237 1.98974 
2.91546 2.34115 3.1291 1.59965 3.54935 2.98508 1.97244 1.95345 2.09982 3.94728 
1.95409 2.29137 0.834442 1.5312 3.72212 4.01022 2.751 2.49403 1.71611 1.18617 
0.82706 0.771602 1.01534 1.13132 1.26618 1.1982 0.864455 0.878455 0.571736 0.942447 
1.43419 2.7103 1.28189 1.15538 0.781281 1.5546 1.09571 1.0813 1.33281 1.10086 
5.95883 7.22898 2.17825 3.05183 3.03564 0.760934 2.37487 2.19949 1.92131 3.77139 
2.20334 2.38571 1.80707 1.5851 2.88467 2.33233 1.08013 1.90042 1.79039 1.59689 
4.62295 5.60473 2.97343 1.86795 3.69914 3.74494 2.55665 2.84539 3.33736 2.78464 
0.865132 1.07593 0.595116 0.487652 0.561492 0.228628 0.433099 0.338677 0.148712 0.822906 
-6.27744e+066 -6.27744e+066 -6.27744e+066 -6.27744e+066 -6.27744e+066 -6.27744e+066 -6.27744e+066 -6.27744e+066 -6.27744e+066 -6.27744e+066 
