03520 03520v425.dv 0 0 1 9.15914
04555 03520v425.dv 1 0 0 9.94726
04572 03520v425.dv 2 0 0 13.8042
04577 03520v425.dv 3 0 0 8.90713
04579 03520v425.dv 4 0 0 13.1691
04581 03520v425.dv 5 0 0 11.3097
04582 03520v425.dv 6 0 0 14.0105
04502 03520v425.dv 7 0 0 11.6379
04530 03520v425.dv 8 0 0 10.5673
04534 03520v425.dv 9 0 0 10.7264
04536 03520v425.dv 10 0 0 14.2522
04538 03520v425.dv 11 0 0 10.8287
04540 03520v425.dv 12 0 0 11.9574
04544 03520v425.dv 13 0 0 8.52221
04550 03520v425.dv 14 0 0 15.2683
03520 04502v225.dv 0 1 0 11.5516
04555 04502v225.dv 1 1 1 6.7262
04572 04502v225.dv 2 1 0 17.1056
04577 04502v225.dv 3 1 0 18.1177
04579 04502v225.dv 4 1 0 14.4053
04581 04502v225.dv 5 1 0 8.76255
04582 04502v225.dv 6 1 0 18.1286
04502 04502v225.dv 7 1 0 7.39718
04530 04502v225.dv 8 1 0 30.6148
04534 04502v225.dv 9 1 0 18.0868
04536 04502v225.dv 10 1 0 9.10086
04538 04502v225.dv 11 1 0 11.4959
04540 04502v225.dv 12 1 0 15.2822
04544 04502v225.dv 13 1 0 18.7767
04550 04502v225.dv 14 1 0 29.1903
03520 04530v225.dv 0 2 0 6.27776
04555 04530v225.dv 1 2 0 8.68085
04572 04530v225.dv 2 2 1 1.90596
04577 04530v225.dv 3 2 0 5.929
04579 04530v225.dv 4 2 0 6.91245
04581 04530v225.dv 5 2 0 7.14665
04582 04530v225.dv 6 2 0 11.8085
04502 04530v225.dv 7 2 0 7.01618
04530 04530v225.dv 8 2 0 7.14868
04534 04530v225.dv 9 2 0 9.91443
04536 04530v225.dv 10 2 0 6.44589
04538 04530v225.dv 11 2 0 4.68289
04540 04530v225.dv 12 2 0 8.91935
04544 04530v225.dv 13 2 0 5.98623
04550 04530v225.dv 14 2 0 17.2365
03520 04534v225.dv 0 3 0 7.62286
04555 04534v225.dv 1 3 0 10.7134
04572 04534v225.dv 2 3 0 8.11073
04577 04534v225.dv 3 3 1 3.19256
04579 04534v225.dv 4 3 0 9.57485
04581 04534v225.dv 5 3 0 11.6432
04582 04534v225.dv 6 3 0 6.89868
04502 04534v225.dv 7 3 0 7.85401
04530 04534v225.dv 8 3 0 9.99794
04534 04534v225.dv 9 3 0 9.8041
04536 04534v225.dv 10 3 0 10.0407
04538 04534v225.dv 11 3 0 5.11105
04540 04534v225.dv 12 3 0 10.7428
04544 04534v225.dv 13 3 0 7.79503
04550 04534v225.dv 14 3 0 9.87902
03520 04536v225.dv 0 4 0 7.67909
04555 04536v225.dv 1 4 0 10.3156
04572 04536v225.dv 2 4 0 8.33577
04577 04536v225.dv 3 4 0 10.5397
04579 04536v225.dv 4 4 1 2.7756
04581 04536v225.dv 5 4 0 10.5088
04582 04536v225.dv 6 4 0 11.4899
04502 04536v225.dv 7 4 0 7.47585
04530 04536v225.dv 8 4 0 15.9374
04534 04536v225.dv 9 4 0 14.9617
04536 04536v225.dv 10 4 0 7.65647
04538 04536v225.dv 11 4 0 8.42091
04540 04536v225.dv 12 4 0 12.1535
04544 04536v225.dv 13 4 0 11.633
04550 04536v225.dv 14 4 0 17.857
03520 04538v225.dv 0 5 0 10.4334
04555 04538v225.dv 1 5 0 14.6527
04572 04538v225.dv 2 5 0 10.4975
04577 04538v225.dv 3 5 0 14.9736
04579 04538v225.dv 4 5 0 12.8002
04581 04538v225.dv 5 5 1 9.94892
04582 04538v225.dv 6 5 0 10.159
04502 04538v225.dv 7 5 0 14.4257
04530 04538v225.dv 8 5 0 7.16833
04534 04538v225.dv 9 5 0 7.66034
04536 04538v225.dv 10 5 0 14.5049
04538 04538v225.dv 11 5 0 11.9747
04540 04538v225.dv 12 5 0 8.23732
04544 04538v225.dv 13 5 0 7.1834
04550 04538v225.dv 14 5 0 8.53196
03520 04540v225.dv 0 6 0 11.569
04555 04540v225.dv 1 6 0 10.4384
04572 04540v225.dv 2 6 0 12.9427
04577 04540v225.dv 3 6 0 9.22101
04579 04540v225.dv 4 6 0 14.6041
04581 04540v225.dv 5 6 0 17.4116
04582 04540v225.dv 6 6 1 3.82571
04502 04540v225.dv 7 6 0 12.4694
04530 04540v225.dv 8 6 0 16.0064
04534 04540v225.dv 9 6 0 8.83532
04536 04540v225.dv 10 6 0 7.46414
04538 04540v225.dv 11 6 0 13.956
04540 04540v225.dv 12 6 0 8.36817
04544 04540v225.dv 13 6 0 8.58846
04550 04540v225.dv 14 6 0 8.98541
03520 04544v225.dv 0 7 0 5.56604
04555 04544v225.dv 1 7 0 4.84371
04572 04544v225.dv 2 7 0 6.69072
04577 04544v225.dv 3 7 0 5.87801
04579 04544v225.dv 4 7 0 8.24386
04581 04544v225.dv 5 7 0 6.80294
04582 04544v225.dv 6 7 0 12.0272
04502 04544v225.dv 7 7 1 4.92184
04530 04544v225.dv 8 7 0 10.8644
04534 04544v225.dv 9 7 0 10.3564
04536 04544v225.dv 10 7 0 5.76289
04538 04544v225.dv 11 7 0 5.581
04540 04544v225.dv 12 7 0 7.03576
04544 04544v225.dv 13 7 0 8.45976
04550 04544v225.dv 14 7 0 17.8946
03520 04550v225.dv 0 8 0 7.0602
04555 04550v225.dv 1 8 0 8.07163
04572 04550v225.dv 2 8 0 2.96258
04577 04550v225.dv 3 8 0 9.09704
04579 04550v225.dv 4 8 0 7.50185
04581 04550v225.dv 5 8 0 5.51911
04582 04550v225.dv 6 8 0 8.76464
04502 04550v225.dv 7 8 0 6.69879
04530 04550v225.dv 8 8 1 7.53334
04534 04550v225.dv 9 8 0 12.1328
04536 04550v225.dv 10 8 0 6.46054
04538 04550v225.dv 11 8 0 5.7234
04540 04550v225.dv 12 8 0 8.36122
04544 04550v225.dv 13 8 0 7.68336
04550 04550v225.dv 14 8 0 20.3021
03520 04555v225.dv 0 9 0 8.13718
04555 04555v225.dv 1 9 0 10.5912
04572 04555v225.dv 2 9 0 5.17327
04577 04555v225.dv 3 9 0 5.90974
04579 04555v225.dv 4 9 0 9.17486
04581 04555v225.dv 5 9 0 8.33353
04582 04555v225.dv 6 9 0 11.6493
04502 04555v225.dv 7 9 0 6.52192
04530 04555v225.dv 8 9 0 8.6808
04534 04555v225.dv 9 9 1 7.14877
04536 04555v225.dv 10 9 0 8.2071
04538 04555v225.dv 11 9 0 6.25301
04540 04555v225.dv 12 9 0 9.11944
04544 04555v225.dv 13 9 0 9.67474
04550 04555v225.dv 14 9 0 13.8038
03520 04572v225.dv 0 10 0 8.80449
04555 04572v225.dv 1 10 0 8.3226
04572 04572v225.dv 2 10 0 13.8793
04577 04572v225.dv 3 10 0 11.7079
04579 04572v225.dv 4 10 0 13.2731
04581 04572v225.dv 5 10 0 10.5529
04582 04572v225.dv 6 10 0 7.17336
04502 04572v225.dv 7 10 0 10.0898
04530 04572v225.dv 8 10 0 18.354
04534 04572v225.dv 9 10 0 10.0819
04536 04572v225.dv 10 10 1 3.21141
04538 04572v225.dv 11 10 0 10.81
04540 04572v225.dv 12 10 0 10.4413
04544 04572v225.dv 13 10 0 9.58443
04550 04572v225.dv 14 10 0 11.6126
03520 04577v225.dv 0 11 0 6.75944
04555 04577v225.dv 1 11 0 8.37346
04572 04577v225.dv 2 11 0 4.70123
04577 04577v225.dv 3 11 0 5.45874
04579 04577v225.dv 4 11 0 6.75196
04581 04577v225.dv 5 11 0 6.79359
04582 04577v225.dv 6 11 0 7.97749
04502 04577v225.dv 7 11 0 4.8641
04530 04577v225.dv 8 11 0 10.1089
04534 04577v225.dv 9 11 0 11.7345
04536 04577v225.dv 10 11 0 8.67541
04538 04577v225.dv 11 11 1 0.00683787
04540 04577v225.dv 12 11 0 8.16286
04544 04577v225.dv 13 11 0 4.80521
04550 04577v225.dv 14 11 0 12.7699
03520 04579v225.dv 0 12 0 14.3937
04555 04579v225.dv 1 12 0 14.2486
04572 04579v225.dv 2 12 0 15.7256
04577 04579v225.dv 3 12 0 11.6559
04579 04579v225.dv 4 12 0 12.819
04581 04579v225.dv 5 12 0 13.3335
04582 04579v225.dv 6 12 0 9.57687
04502 04579v225.dv 7 12 0 12.1852
04530 04579v225.dv 8 12 0 15.8458
04534 04579v225.dv 9 12 0 6.67143
04536 04579v225.dv 10 12 0 8.22539
04538 04579v225.dv 11 12 0 12.324
04540 04579v225.dv 12 12 1 3.17481
04544 04579v225.dv 13 12 0 8.74818
04550 04579v225.dv 14 12 0 10.2588
03520 04581v225.dv 0 13 0 9.04711
04555 04581v225.dv 1 13 0 13.2478
04572 04581v225.dv 2 13 0 7.29984
04577 04581v225.dv 3 13 0 7.76623
04579 04581v225.dv 4 13 0 9.32773
04581 04581v225.dv 5 13 0 9.76414
04582 04581v225.dv 6 13 0 10.6924
04502 04581v225.dv 7 13 0 9.77897
04530 04581v225.dv 8 13 0 9.64254
04534 04581v225.dv 9 13 0 12.0994
04536 04581v225.dv 10 13 0 11.1653
04538 04581v225.dv 11 13 0 5.89229
04540 04581v225.dv 12 13 0 10.6222
04544 04581v225.dv 13 13 1 4.77234
04550 04581v225.dv 14 13 0 16.936
03520 04582v225.dv 0 14 0 8.02688
04555 04582v225.dv 1 14 0 8.98583
04572 04582v225.dv 2 14 0 6.00001
04577 04582v225.dv 3 14 0 8.77004
04579 04582v225.dv 4 14 0 10.3429
04581 04582v225.dv 5 14 0 9.18584
04582 04582v225.dv 6 14 0 13.5323
04502 04582v225.dv 7 14 0 8.31356
04530 04582v225.dv 8 14 0 12.4656
04534 04582v225.dv 9 14 0 14.8651
04536 04582v225.dv 10 14 0 7.22921
04538 04582v225.dv 11 14 0 6.43879
04540 04582v225.dv 12 14 0 10.5268
04544 04582v225.dv 13 14 0 11.7796
04550 04582v225.dv 14 14 1 12.8563
